7.211848 1
7.190669 1
7.190668 1
7.186944 1
7.185661 1
7.184451 1
7.184009 1
7.18303 1
7.182413 1
7.182413 1
7.179313 1
7.177694 1
7.176439 1
7.176439 1
7.176439 1
7.176343 1
7.176295 1
7.174521 1
7.173065 1
7.173065 1
7.172749 1
7.172749 1
7.1727 1
7.172658 1
7.172388 1
7.172388 1
7.171922 1
7.171922 1
7.171922 1
7.171904 1
7.171777 1
7.171777 1
7.17166 1
7.17166 1
7.171402 1
7.171273 1
7.170736 1
7.170735 1
7.170345 1
7.17028 1
7.17028 1
7.170279 1
7.170075 1
7.169845 1
7.169533 1
7.169533 1
7.169405 1
7.169194 1
7.169004 1
7.168378 1
7.167874 1
7.167867 1
7.167537 1
7.166698 1
6.743235 1
6.716016 1
6.710492 1
6.706721 1
6.706558 1
6.704353 1
6.703607 1
6.703599 1
6.703547 1
6.703047 1
6.702435 1
6.702049 1
6.69836 1
6.682631 1
6.64733 1
6.645903 1
6.643751 1
6.642952 1
6.642889 1
6.642749 1
6.642476 1
6.642442 1
6.641867 1
6.638999 1
6.58368 1
6.563829 1
6.560267 1
6.557597 1
6.556767 1
6.553597 1
6.55329 1
6.55329 1
6.551583 1
6.551044 1
6.550643 1
6.548007 1
6.54704 1
6.547007 1
6.546994 1
6.546395 1
6.545981 1
6.545708 1
6.54561 1
6.545214 1
6.544697 1
6.544164 1
6.543889 1
6.542877 1
6.542682 1
6.542184 1
6.54131 1
6.518073 1
6.504062 1
6.494684 1
6.492954 1
6.490076 1
6.4898 1
6.489738 1
6.489378 1
6.488807 1
6.48811 1
6.488032 1
6.487893 1
6.485151 1
6.478677 1
6.475814 1
6.474441 1
6.472398 1
6.469455 1
6.467889 1
6.467616 1
6.465755 1
6.464011 1
6.463189 1
6.462342 1
6.451219 1
6.451198 1
6.450001 1
6.447767 1
6.443875 1
6.441737 1
6.441551 1
6.440687 1
6.439179 1
6.438894 1
6.438204 1
6.438104 1
6.437129 1
6.436365 1
6.43589 1
6.435821 1
6.435739 1
6.435677 1
6.435317 1
6.434707 1
6.434315 1
6.434268 1
6.431927 1
6.430323 1
6.425402 1
6.424911 1
6.416179 1
6.413557 1
6.412791 1
6.412507 1
6.411768 1
6.41009 1
6.40965 1
6.402082 1
6.399475 1
6.391573 1
6.390364 1
6.390263 1
6.39001 1
6.386343 1
6.386049 1
6.385458 1
6.377418 1
6.370626 1
6.369905 1
6.36942 1
6.366785 1
6.365649 1
6.363651 1
6.36336 1
6.363066 1
6.362195 1
6.361985 1
6.36155 1
6.361356 1
6.360921 1
6.360561 1
6.360528 1
6.36006 1
6.359809 1
6.355066 1
6.354859 1
6.350751 1
6.348926 1
6.34823 1
6.348042 1
6.347396 1
6.347352 1
6.347183 1
6.346994 1
6.34591 1
6.345317 1
6.344742 1
6.343798 1
6.341662 1
6.341365 1
6.341243 1
6.341205 1
6.340382 1
6.338857 1
6.336347 1
6.33449 1
6.334463 1
6.331884 1
6.331231 1
6.330242 1
6.330031 1
6.329895 1
6.329199 1
6.329179 1
6.328551 1
6.328464 1
6.32843 1
6.327591 1
6.327576 1
6.326156 1
6.325307 1
6.324403 1
6.274247 1
6.270663 1
6.270458 1
6.26997 1
6.267924 1
6.2652 1
6.264938 1
6.263817 1
6.263147 1
6.26307 1
6.263037 1
6.262032 1
6.261889 1
6.261067 1
6.26037 1
6.260177 1
6.258365 1
6.251699 1
6.250318 1
6.250161 1
6.247579 1
6.247196 1
6.247088 1
6.247037 1
6.244206 1
6.244047 1
6.243446 1
6.242801 1
6.242583 1
6.242212 1
6.242169 1
6.242167 1
6.241865 1
6.241746 1
6.24157 1
6.241129 1
6.240722 1
6.240711 1
6.239222 1
6.239179 1
6.238564 1
6.238382 1
6.238193 1
6.232925 1
6.229638 1
6.224866 1
6.219252 1
6.218281 1
6.217615 1
6.216822 1
6.21425 1
6.213995 1
6.213894 1
6.213323 1
6.211571 1
6.211446 1
6.211425 1
6.211225 1
6.210887 1
6.210336 1
6.209269 1
6.20759 1
6.207225 1
6.206626 1
6.205929 1
6.205919 1
6.20583 1
6.205585 1
6.205579 1
6.205273 1
6.204306 1
6.204294 1
6.204094 1
6.203908 1
6.203611 1
6.203269 1
6.177098 1
6.175414 1
6.173778 1
6.168128 1
6.167935 1
6.163679 1
6.163445 1
6.163409 1
6.163144 1
6.163097 1
6.162179 1
6.162138 1
6.161937 1
6.148039 1
6.146072 1
6.142406 1
6.141157 1
6.140569 1
6.138781 1
6.137255 1
6.136423 1
6.136185 1
6.135999 1
6.135987 1
6.135906 1
6.135601 1
6.135525 1
6.135498 1
6.134968 1
6.134796 1
6.134448 1
6.134447 1
6.133504 1
6.131667 1
6.129875 1
6.127055 1
6.125471 1
6.117424 1
6.116165 1
6.115789 1
6.115349 1
6.115248 1
6.11505 1
6.114846 1
6.114232 1
6.113747 1
6.112922 1
6.111494 1
6.111448 1
6.11026 1
6.109541 1
6.083216 1
6.082078 1
6.079592 1
6.07294 1
6.070777 1
6.069761 1
6.06951 1
6.068744 1
6.068604 1
6.068223 1
6.068168 1
6.068099 1
6.067546 1
6.067525 1
6.067179 1
6.067119 1
6.067012 1
6.063603 1
6.061629 1
6.05892 1
6.057154 1
6.056138 1
6.055986 1
6.055523 1
6.055476 1
6.055076 1
6.052186 1
6.018038 1
6.014408 1
6.011631 1
6.009932 1
6.00426 1
6.002649 1
6.002621 1
6.000646 1
6.000297 1
6.000238 1
6.00005 1
5.999873 1
5.999604 1
5.999078 1
5.999066 1
5.998907 1
5.998172 1
5.997096 1
5.996536 1
5.996124 1
5.995632 1
5.995573 1
5.994922 1
5.994728 1
5.992959 1
5.992821 1
5.992619 1
5.991925 1
5.991677 1
5.99134 1
5.991281 1
5.99115 1
5.990768 1
5.990395 1
5.990309 1
5.990287 1
5.989907 1
5.98946 1
5.989087 1
5.988938 1
5.988878 1
5.988867 1
5.988633 1
5.988543 1
5.988472 1
5.988205 1
5.98796 1
5.987623 1
5.987104 1
5.986569 1
5.986558 1
5.986348 1
5.986162 1
5.986031 1
5.985104 1
5.984741 1
5.984161 1
5.983864 1
5.983862 1
5.982767 1
5.981816 1
5.977693 1
5.977367 1
5.977241 1
5.976046 1
5.973811 1
5.973741 1
5.973055 1
5.973045 1
5.972454 1
5.971977 1
5.971035 1
5.970396 1
5.967904 1
5.967327 1
5.966133 1
5.963988 1
5.962521 1
5.961653 1
5.961489 1
5.961227 1
5.961167 1
5.96062 1
5.960389 1
5.960211 1
5.960205 1
5.959806 1
5.95952 1
5.957475 1
5.956504 1
5.956238 1
5.954183 1
5.952507 1
5.952105 1
5.951841 1
5.95182 1
5.951137 1
5.950531 1
5.94981 1
5.949464 1
5.949114 1
5.949038 1
5.948961 1
5.948527 1
5.948308 1
5.948282 1
5.947906 1
5.947883 1
5.947478 1
5.947279 1
5.946838 1
5.946663 1
5.94626 1
5.945609 1
5.84995 1
5.832921 1
5.825914 1
5.823923 1
5.823696 1
5.823636 1
5.822936 1
5.822814 1
5.822762 1
5.822576 1
5.820859 1
5.820585 1
5.818927 1
5.817758 1
5.786707 1
5.78657 1
5.786364 1
5.786363 1
5.786158 1
5.785516 1
5.785157 1
5.782482 1
5.781651 1
5.775914 1
5.755366 1
5.754201 1
5.748208 1
5.744353 1
5.744022 1
5.743201 1
5.742713 1
5.741567 1
5.741508 1
5.740167 1
5.739069 1
5.738768 1
5.738247 1
5.737858 1
5.736883 1
5.736619 1
5.736595 1
5.736462 1
5.736063 1
5.736036 1
5.735983 1
5.735936 1
5.735755 1
5.735696 1
5.735572 1
5.735473 1
5.735419 1
5.735229 1
5.735116 1
5.73487 1
5.734718 1
5.733799 1
5.733773 1
5.725963 1
5.725142 1
5.714761 1
5.712337 1
5.711518 1
5.709035 1
5.708275 1
5.708186 1
5.708041 1
5.707856 1
5.70766 1
5.705609 1
5.705536 1
5.70395 1
5.703736 1
5.70253 1
5.699271 1
5.699033 1
5.699002 1
5.69827 1
5.697929 1
5.697699 1
5.697118 1
5.695384 1
5.688458 1
5.659241 1
5.658325 1
5.657555 1
5.654325 1
5.651802 1
5.648495 1
5.647848 1
5.647343 1
5.647236 1
5.647149 1
5.646863 1
5.646789 1
5.646389 1
5.645817 1
5.645795 1
5.645166 1
5.64512 1
5.643109 1
5.640776 1
5.637299 1
5.637164 1
5.636425 1
5.636403 1
5.636199 1
5.635904 1
5.635335 1
5.634071 1
5.633903 1
5.611838 1
5.600194 1
5.595819 1
5.595739 1
5.594865 1
5.592238 1
5.591607 1
5.590419 1
5.586906 1
5.585754 1
5.585276 1
5.584357 1
5.583828 1
5.583753 1
5.583281 1
5.58288 1
5.582374 1
5.582086 1
5.581767 1
5.581006 1
5.576743 1
5.570321 1
5.565164 1
5.562719 1
5.56271 1
5.560663 1
5.559152 1
5.55832 1
5.558198 1
5.558119 1
5.557832 1
5.557032 1
5.556628 1
5.556473 1
5.556064 1
5.556023 1
5.554137 1
5.547384 1
5.544183 1
5.543533 1
5.543064 1
5.54306 1
5.543023 1
5.542608 1
5.54152 1
5.466765 1
5.440142 1
5.438502 1
5.432783 1
5.428783 1
5.426187 1
5.426072 1
5.425723 1
5.425576 1
5.42517 1
5.42483 1
5.424721 1
5.424493 1
5.422702 1
5.421913 1
5.421565 1
5.341264 1
5.33557 1
5.329526 1
5.32939 1
5.327796 1
5.327451 1
5.326665 1
5.32611 1
5.325662 1
5.325297 1
5.324734 1
5.324409 1
5.324347 1
5.324195 1
5.323831 1
5.323698 1
5.323496 1
5.323313 1
5.323081 1
5.323058 1
5.321893 1
5.319323 1
5.318726 1
5.315256 1
5.312594 1
5.310741 1
5.307394 1
5.307129 1
5.306406 1
5.306112 1
5.304444 1
5.23876 1
5.238683 1
5.237191 1
5.237027 1
5.236478 1
5.235346 1
5.234631 1
5.234391 1
5.234059 1
5.233228 1
5.233205 1
5.233094 1
5.192191 1
5.191973 1
5.189969 1
5.187678 1
5.187556 1
5.187033 1
5.186831 1
5.186746 1
5.186522 1
5.186314 1
5.186307 1
5.167629 1
5.159712 1
5.158918 1
5.158656 1
5.158409 1
5.15833 1
5.158144 1
5.158096 1
5.158088 1
5.157911 1
5.157876 1
5.157708 1
5.157671 1
5.157655 1
5.15715 1
5.133071 1
5.119992 1
5.11978 1
5.119482 1
5.118877 1
5.118824 1
5.118824 1
5.118736 1
5.11871 1
5.11864 1
5.118421 1
5.118356 1
5.11833 1
5.118204 1
5.118154 1
5.118111 1
5.115062 1
5.11145 1
5.107376 1
5.107108 1
5.106855 1
5.106699 1
5.106492 1
5.106434 1
5.106307 1
5.10613 1
5.106017 1
5.105985 1
5.105957 1
5.105929 1
5.10587 1
5.105803 1
5.105765 1
5.105505 1
5.105344 1
5.102025 1
5.100635 1
5.099815 1
5.099686 1
5.099183 1
5.098956 1
5.098808 1
5.098617 1
5.098588 1
5.098545 1
5.098503 1
5.098011 1
5.096035 1
5.095011 1
5.094784 1
5.093496 1
5.092219 1
5.091132 1
5.08989 1
5.089768 1
5.089493 1
5.088686 1
5.08811 1
5.087763 1
5.087562 1
5.087187 1
5.086762 1
5.086275 1
5.086091 1
5.085691 1
5.085558 1
5.085379 1
5.085377 1
5.085229 1
5.085109 1
5.085031 1
5.084949 1
5.084865 1
5.084824 1
5.084675 1
5.084653 1
5.084638 1
5.084634 1
5.084556 1
5.084458 1
5.084368 1
5.084256 1
5.08425 1
5.084174 1
5.08411 1
5.084081 1
5.084071 1
5.084023 1
5.083884 1
5.083627 1
5.083591 1
5.08359 1
5.083583 1
5.083535 1
5.083473 1
5.083306 1
5.083242 1
5.083231 1
5.083207 1
5.083167 1
5.083083 1
5.083083 1
5.083075 1
5.083054 1
5.083024 1
5.08295 1
5.082879 1
5.082799 1
5.08274 1
5.082652 1
5.082529 1
5.082393 1
5.082151 1
5.082129 1
5.081787 1
5.081665 1
5.081438 1
5.081279 1
5.078129 1
5.075935 1
5.074003 1
5.073851 1
5.073704 1
5.073355 1
5.072938 1
5.072923 1
5.07256 1
5.072554 1
5.07247 1
5.072358 1
5.072344 1
5.072297 1
5.072142 1
5.072135 1
5.071947 1
5.071872 1
5.071651 1
5.071626 1
5.071572 1
5.071441 1
5.071323 1
5.071314 1
5.071265 1
5.071176 1
5.071163 1
5.07115 1
5.071116 1
5.071073 1
5.070976 1
5.070974 1
5.07089 1
5.0708 1
5.070764 1
5.070688 1
5.067108 1
5.066651 1
5.066608 1
5.066578 1
5.066515 1
5.066475 1
5.066381 1
5.06629 1
5.066227 1
5.066215 1
5.066053 1
5.066039 1
5.06603 1
5.065958 1
5.065825 1
5.065759 1
5.065674 1
5.065639 1
5.065621 1
5.065463 1
5.065462 1
5.065264 1
5.065259 1
5.065217 1
5.065199 1
5.065158 1
5.065149 1
5.065138 1
5.06506 1
5.065032 1
5.065008 1
5.064944 1
5.064938 1
5.064928 1
5.064917 1
5.064754 1
5.063899 1
5.063113 1
5.063033 1
5.062261 1
5.062192 1
5.061965 1
5.06192 1
5.061828 1
5.061811 1
5.061695 1
5.061382 1
5.061341 1
5.060794 1
5.060082 1
5.059843 1
5.058527 1
5.057022 1
5.056934 1
5.056686 1
5.056682 1
5.056269 1
5.055753 1
5.055722 1
5.055465 1
5.055109 1
5.054917 1
5.054856 1
5.054701 1
5.054624 1
5.054531 1
5.054478 1
5.054398 1
5.054325 1
5.054225 1
5.054218 1
5.054088 1
5.053957 1
5.053956 1
5.053941 1
5.053587 1
5.053232 1
5.052973 1
5.052769 1
5.051068 1
5.050817 1
5.050315 1
5.050313 1
5.049951 1
5.049858 1
5.049767 1
5.049535 1
5.04937 1
5.049367 1
5.049364 1
5.049005 1
5.048871 1
5.04873 1
5.048546 1
5.047983 1
5.047954 1
5.047891 1
5.047871 1
5.047742 1
5.047591 1
5.047564 1
5.047201 1
5.0472 1
5.046885 1
5.046439 1
5.046421 1
5.046226 1
5.046062 1
5.046029 1
5.045876 1
5.045853 1
5.045833 1
5.045804 1
5.045776 1
5.045291 1
5.043111 1
5.04297 1
5.042466 1
5.041546 1
5.040885 1
5.04072 1
5.04018 1
5.040019 1
5.039904 1
5.03981 1
5.039752 1
5.039666 1
5.039618 1
5.039451 1
5.039444 1
5.039425 1
5.039366 1
5.039272 1
5.039199 1
5.03912 1
5.039069 1
5.039029 1
5.038869 1
5.038709 1
5.038691 1
5.038574 1
5.038522 1
5.038317 1
5.038316 1
5.038307 1
5.038223 1
5.038112 1
5.03805 1
5.037674 1
5.037565 1
5.032215 1
5.031967 1
5.031502 1
5.031448 1
5.031371 1
5.031172 1
5.031156 1
5.031124 1
5.030922 1
5.030763 1
5.030719 1
5.030372 1
5.025574 1
5.025053 1
5.024883 1
5.024496 1
5.024475 1
5.02418 1
5.023949 1
5.023812 1
5.023112 1
5.023106 1
5.02289 1
5.022105 1
5.021944 1
5.021935 1
5.021904 1
5.021882 1
5.021852 1
5.021796 1
5.021789 1
5.021781 1
5.02176 1
5.021719 1
5.021667 1
5.021596 1
5.021331 1
5.02128 1
5.021236 1
5.021161 1
5.021139 1
5.021058 1
5.020881 1
5.02077 1
5.02049 1
5.020384 1
5.020337 1
5.020174 1
5.020151 1
5.020002 1
5.019937 1
5.019884 1
5.019747 1
5.019735 1
5.019709 1
5.019668 1
5.019536 1
5.019478 1
5.019426 1
5.019381 1
5.019138 1
5.018972 1
5.018339 1
5.017836 1
5.017768 1
5.017522 1
5.017223 1
5.017027 1
5.016828 1
5.016412 1
5.016379 1
5.016161 1
5.016053 1
5.0159 1
5.015806 1
5.015765 1
5.015757 1
5.015755 1
5.015682 1
5.015645 1
5.015558 1
5.015489 1
5.015421 1
5.015296 1
5.015042 1
5.014889 1
5.014671 1
5.014511 1
5.014287 1
5.014241 1
5.014232 1
5.014196 1
5.014176 1
5.013946 1
5.013944 1
5.013897 1
5.013878 1
5.013871 1
5.01383 1
5.013811 1
5.013791 1
5.013741 1
5.013718 1
5.013656 1
5.013568 1
5.013182 1
5.01295 1
5.012591 1
5.012577 1
5.012277 1
5.012152 1
5.011889 1
5.011746 1
5.011137 1
5.011088 1
5.011014 1
5.010809 1
5.010797 1
5.010739 1
5.010692 1
5.010346 1
5.010328 1
5.01031 1
5.010303 1
5.010188 1
5.010017 1
5.009592 1
5.009508 1
5.009136 1
5.009047 1
5.009037 1
5.008872 1
5.00875 1
5.008445 1
5.008296 1
5.007993 1
5.007939 1
5.00788 1
5.007352 1
5.006899 1
5.006727 1
5.006698 1
5.00665 1
5.006639 1
5.006556 1
5.006373 1
5.00616 1
5.006128 1
5.00593 1
5.005919 1
5.005229 1
5.005093 1
5.005046 1
5.005032 1
5.004986 1
5.004881 1
5.004841 1
5.00476 1
5.004715 1
5.00443 1
5.004417 1
5.004283 1
5.004235 1
5.004158 1
5.004113 1
5.003926 1
5.003823 1
5.003749 1
5.00359 1
5.00344 1
5.002201 1
5.002087 1
5.001363 1
5.001276 1
5.000568 1
5.000325 1
5.000181 1
4.999921 1
4.999898 1
4.999894 1
4.99962 1
4.999477 1
4.999422 1
4.999363 1
4.999288 1
4.999233 1
4.999095 1
4.99908 1
4.999031 1
4.998996 1
4.998943 1
4.998745 1
4.998744 1
4.99753 1
4.997511 1
4.997276 1
4.99656 1
4.996532 1
4.995888 1
4.995845 1
4.995823 1
4.995773 1
4.995727 1
4.995655 1
4.995621 1
4.995566 1
4.995497 1
4.995418 1
4.995407 1
4.995378 1
4.995246 1
4.995067 1
4.995033 1
4.991899 1
4.991772 1
4.991339 1
4.991227 1
4.990844 1
4.990706 1
4.990102 1
4.989304 1
4.989054 1
4.987885 1
4.98787 1
4.987378 1
4.987229 1
4.987186 1
4.987045 1
4.986934 1
4.986859 1
4.986633 1
4.986571 1
4.986552 1
4.986529 1
4.98649 1
4.986436 1
4.986293 1
4.986241 1
4.986125 1
4.986073 1
4.985989 1
4.985261 1
4.984894 1
4.984779 1
4.984448 1
4.984418 1
4.984251 1
4.984108 1
4.983831 1
4.983796 1
4.983611 1
4.983315 1
4.980381 1
4.980286 1
4.980196 1
4.978806 1
4.977951 1
4.97783 1
4.977536 1
4.977416 1
4.977031 1
4.976762 1
4.97642 1
4.976206 1
4.976025 1
4.975821 1
4.975695 1
4.975691 1
4.975685 1
4.975626 1
4.975582 1
4.975161 1
4.975053 1
4.975046 1
4.974414 1
4.973605 1
4.973472 1
4.973323 1
4.973161 1
4.972839 1
4.960286 1
4.959243 1
4.957391 1
4.957232 1
4.956973 1
4.956933 1
4.95678 1
4.956697 1
4.956636 1
4.956423 1
4.95627 1
4.956235 1
4.939327 1
4.936448 1
4.93642 1
4.936108 1
4.936039 1
4.935978 1
4.935978 1
4.935824 1
4.935757 1
4.935536 1
4.935381 1
4.93526 1
4.935019 1
4.905354 1
4.904983 1
4.903271 1
4.902889 1
4.900421 1
4.900197 1
4.899363 1
4.899086 1
4.89891 1
4.898723 1
4.897806 1
4.897307 1
4.896608 1
4.880476 1
4.873065 1
4.872727 1
4.870825 1
4.87035 1
4.869509 1
4.869434 1
4.869304 1
4.869302 1
4.868818 1
4.86877 1
4.868455 1
4.868138 1
4.867936 1
4.866746 1
4.866194 1
4.861569 1
4.860682 1
4.859315 1
4.854152 1
4.854127 1
4.853901 1
4.85382 1
4.853176 1
4.853158 1
4.853135 1
4.852949 1
4.85289 1
4.852553 1
4.846334 1
4.845463 1
4.844939 1
4.844743 1
4.844381 1
4.844228 1
4.844205 1
4.844205 1
4.844175 1
4.843926 1
4.84392 1
4.843825 1
4.843385 1
4.821762 1
4.821505 1
4.819041 1
4.819033 1
4.818464 1
4.818311 1
4.818268 1
4.818264 1
4.818126 1
4.817976 1
4.817192 1
4.807414 1
4.802245 1
4.801605 1
4.80127 1
4.799693 1
4.798864 1
4.798426 1
4.797935 1
4.797102 1
4.796557 1
4.796439 1
4.796382 1
4.794503 1
4.794023 1
4.750755 1
4.74991 1
4.749796 1
4.749547 1
4.749502 1
4.749416 1
4.749223 1
4.749108 1
4.749014 1
4.748855 1
4.748838 1
4.748827 1
4.748657 1
4.748474 1
4.748006 1
4.74777 1
4.747134 1
4.744302 1
4.742848 1
4.741873 1
4.740254 1
4.739985 1
4.739817 1
4.739363 1
4.738251 1
4.738075 1
4.737772 1
4.732172 1
4.722981 1
4.721879 1
4.720788 1
4.719852 1
4.719747 1
4.719255 1
4.718622 1
4.718583 1
4.718132 1
4.717815 1
4.716237 1
4.71584 1
4.714527 1
4.712121 1
4.712086 1
4.711841 1
4.711002 1
4.710379 1
4.710348 1
4.706992 1
4.704196 1
4.703989 1
4.702902 1
4.702722 1
4.702419 1
4.702296 1
4.702213 1
4.701215 1
4.700495 1
4.699955 1
4.699776 1
4.698745 1
4.695911 1
4.69466 1
4.693913 1
4.693849 1
4.693436 1
4.693282 1
4.693263 1
4.692087 1
4.691562 1
4.690744 1
4.689473 1
4.654295 1
4.652121 1
4.643345 1
4.637848 1
4.635851 1
4.635444 1
4.634374 1
4.633754 1
4.633301 1
4.631629 1
4.63129 1
4.631248 1
4.630817 1
4.630479 1
4.630343 1
4.630105 1
4.63007 1
4.629635 1
4.628642 1
4.628273 1
4.628176 1
4.627901 1
4.627715 1
4.627592 1
4.627362 1
4.626935 1
4.626935 1
4.626923 1
4.626884 1
4.626788 1
4.626762 1
4.626534 1
4.626472 1
4.626318 1
4.626266 1
4.625988 1
4.625879 1
4.625567 1
4.625562 1
4.625506 1
4.625441 1
4.625111 1
4.624083 1
4.603553 1
4.585412 1
4.580175 1
4.579559 1
4.578309 1
4.577843 1
4.577069 1
4.576113 1
4.575781 1
4.575666 1
4.575633 1
4.575 1
4.574705 1
4.574697 1
4.574555 1
4.573342 1
4.572671 1
4.572052 1
4.545378 1
4.544304 1
4.543885 1
4.542607 1
4.542161 1
4.541745 1
4.541721 1
4.541373 1
4.540688 1
4.539453 1
4.539291 1
