0 data points are invalid out of 13673!
Number of training samples:	10939
Number of validation samples:	2734
Arguments: 1024 1024 2048 8001 256 200 128 2 256 32
8001 200
Linear(in_features=128, out_features=256, bias=True)
================================================================================
Epoch number:	1
Arguments: 128 40 0.05109271386901281 1024 2048 256 200 128 2 1024 32
gird
Target shape: torch.Size([128, 1000])
embeddings: tensor([[[-1.2897, -0.1192, -0.1918,  ..., -0.8106,  0.3896,  2.6807],
         [-1.2897, -0.1192, -0.1918,  ..., -0.8106,  0.3896,  2.6807],
         [-1.2897, -0.1192, -0.1918,  ..., -0.8106,  0.3896,  2.6807],
         ...,
         [-0.8408, -1.0698,  1.6475,  ..., -0.0677, -0.6660, -1.3566],
         [ 0.5825, -0.3510, -0.8084,  ...,  0.7233,  1.7459, -1.0357],
         [-1.1395, -1.2827,  0.7744,  ..., -1.8313, -0.0965,  1.8516]],

        [[-1.2897, -0.1192, -0.1918,  ..., -0.8106,  0.3896,  2.6807],
         [-1.2897, -0.1192, -0.1918,  ..., -0.8106,  0.3896,  2.6807],
         [-1.2897, -0.1192, -0.1918,  ..., -0.8106,  0.3896,  2.6807],
         ...,
         [ 0.7129,  1.9170, -0.5803,  ..., -0.4507,  1.7703,  0.7600],
         [-0.7661,  0.3386, -1.0827,  ...,  1.4148,  0.3220, -0.9403],
         [-1.0295,  0.7503,  0.1841,  ...,  0.3301, -0.5997, -2.3803]],

        [[-1.2897, -0.1192, -0.1918,  ..., -0.8106,  0.3896,  2.6807],
         [-1.2897, -0.1192, -0.1918,  ..., -0.8106,  0.3896,  2.6807],
         [-1.2897, -0.1192, -0.1918,  ..., -0.8106,  0.3896,  2.6807],
         ...,
         [ 0.8564, -0.4748, -0.9029,  ..., -1.1497, -0.3671, -0.7123],
         [ 0.5419,  1.6115,  0.2689,  ..., -1.1786,  1.0313,  1.7056],
         [ 0.8359, -0.5797, -0.1785,  ...,  0.9969,  0.3906,  1.0010]],

        ...,

        [[-1.2897, -0.1192, -0.1918,  ..., -0.8106,  0.3896,  2.6807],
         [-1.2897, -0.1192, -0.1918,  ..., -0.8106,  0.3896,  2.6807],
         [-1.2897, -0.1192, -0.1918,  ..., -0.8106,  0.3896,  2.6807],
         ...,
         [ 0.3333, -0.0990, -0.6673,  ...,  0.5197, -0.6324,  0.4776],
         [ 0.5473,  0.9791, -2.1594,  ..., -1.5396,  0.7182, -0.2085],
         [-0.0504,  1.4475, -0.8861,  ...,  0.3725,  0.6676,  0.7249]],

        [[-0.4509, -1.3788, -0.0564,  ...,  0.9030, -0.4761,  1.1415],
         [-0.3092,  0.1665,  0.9832,  ...,  0.2605,  0.9172, -1.4970],
         [ 0.0037,  1.5570, -0.0012,  ..., -0.6778,  1.4320,  0.4682],
         ...,
         [-1.6896,  2.6469,  0.2234,  ...,  0.5250, -0.4502, -1.4594],
         [ 0.6930, -0.4939,  0.4767,  ..., -0.3419,  0.5403,  1.6142],
         [ 0.6675, -0.8214, -1.7824,  ..., -0.6754,  0.7567,  1.1210]],

        [[-1.2897, -0.1192, -0.1918,  ..., -0.8106,  0.3896,  2.6807],
         [-1.2897, -0.1192, -0.1918,  ..., -0.8106,  0.3896,  2.6807],
         [-1.2897, -0.1192, -0.1918,  ..., -0.8106,  0.3896,  2.6807],
         ...,
         [-0.5093, -0.9181,  0.5567,  ...,  0.7765, -0.2168,  0.0030],
         [ 0.6376, -1.1115, -0.4977,  ...,  0.1560, -0.1144, -1.3404],
         [ 0.2376, -1.0714,  0.6382,  ..., -0.2361, -0.0283,  0.9719]]],
       grad_fn=<EmbeddingBackward>)
gird
Target shape: torch.Size([128, 1000])
embeddings: tensor([[[-1.2897, -0.1192, -0.1918,  ..., -0.8106,  0.3896,  2.6807],
         [-1.2897, -0.1192, -0.1918,  ..., -0.8106,  0.3896,  2.6807],
         [-1.2897, -0.1192, -0.1918,  ..., -0.8106,  0.3896,  2.6807],
         ...,
         [-0.8121,  0.9252, -0.2370,  ..., -1.0301, -0.2784,  0.4043],
         [-1.0053,  0.6640, -0.5612,  ..., -2.3749, -0.0020, -0.2236],
         [-1.7734, -0.2528,  1.0358,  ...,  0.3956, -0.3010, -1.3267]],

        [[-1.2897, -0.1192, -0.1918,  ..., -0.8106,  0.3896,  2.6807],
         [-1.2897, -0.1192, -0.1918,  ..., -0.8106,  0.3896,  2.6807],
         [-1.2897, -0.1192, -0.1918,  ..., -0.8106,  0.3896,  2.6807],
         ...,
         [-0.7326, -0.0598,  1.0743,  ...,  0.8824,  1.0978,  0.3158],
         [-0.5672, -1.8353,  0.8326,  ..., -0.6939, -1.0369,  0.1659],
         [-0.4129,  0.4261,  0.1196,  ..., -1.5216, -0.5304,  0.6444]],

        [[-1.2897, -0.1192, -0.1918,  ..., -0.8106,  0.3896,  2.6807],
         [-1.2897, -0.1192, -0.1918,  ..., -0.8106,  0.3896,  2.6807],
         [-1.2897, -0.1192, -0.1918,  ..., -0.8106,  0.3896,  2.6807],
         ...,
         [-0.7945, -1.0276,  1.6979,  ..., -0.1172, -0.6167, -1.3061],
         [ 0.5322, -0.3887, -0.7590,  ...,  0.7735,  1.7964, -0.9860],
         [-1.1901, -1.2330,  0.8246,  ..., -1.8799, -0.0592,  1.8044]],

        ...,

        [[-1.2897, -0.1192, -0.1918,  ..., -0.8106,  0.3896,  2.6807],
         [-1.2897, -0.1192, -0.1918,  ..., -0.8106,  0.3896,  2.6807],
         [-1.2897, -0.1192, -0.1918,  ..., -0.8106,  0.3896,  2.6807],
         ...,
         [ 0.6111,  0.6322, -0.7492,  ...,  1.0543, -1.2779,  0.4164],
         [-1.8905,  0.6966, -0.2744,  ..., -0.5375, -1.5447, -0.4853],
         [ 1.3101,  1.4545, -1.3979,  ...,  0.6674, -1.2438,  0.1388]],

        [[-0.4738,  0.9872,  1.3850,  ..., -0.9129, -0.1014,  0.8990],
         [ 0.0674, -0.8598, -0.1974,  ...,  0.4175, -1.3883, -0.3352],
         [ 0.3895, -1.3017,  0.1531,  ...,  1.0292,  2.7130, -0.8691],
         ...,
         [-0.5386, -0.9976,  1.5504,  ..., -1.3408, -1.0129, -1.1638],
         [-1.2162,  1.1915,  0.1894,  ..., -0.1534, -0.8727, -0.7823],
         [-0.7416,  0.0771,  0.4718,  ..., -1.6540, -1.3342,  0.1716]],

        [[-1.2897, -0.1192, -0.1918,  ..., -0.8106,  0.3896,  2.6807],
         [-1.2897, -0.1192, -0.1918,  ..., -0.8106,  0.3896,  2.6807],
         [-1.2897, -0.1192, -0.1918,  ..., -0.8106,  0.3896,  2.6807],
         ...,
         [-0.5025,  0.1244, -0.3966,  ..., -0.0406,  0.5718,  0.0982],
         [ 1.1425, -0.4537,  0.4070,  ...,  0.8167, -0.4159,  0.0480],
         [ 0.0708,  1.4765, -0.1944,  ...,  1.1662,  0.5477,  0.7448]]],
       grad_fn=<EmbeddingBackward>)
gird
Target shape: torch.Size([128, 1000])
embeddings: tensor([[[-1.2897, -0.1192, -0.1918,  ..., -0.8106,  0.3896,  2.6807],
         [-1.2897, -0.1192, -0.1918,  ..., -0.8106,  0.3896,  2.6807],
         [-1.2897, -0.1192, -0.1918,  ..., -0.8106,  0.3896,  2.6807],
         ...,
         [ 1.5212,  0.3589, -0.8244,  ...,  2.3589,  0.2474, -2.8056],
         [ 0.2753, -0.3740,  1.2579,  ...,  0.4588, -0.1660, -0.5943],
         [-1.3456, -0.5083, -1.1506,  ...,  1.1043,  1.1263, -1.7640]],

        [[-1.2897, -0.1192, -0.1918,  ..., -0.8106,  0.3896,  2.6807],
         [-1.2897, -0.1192, -0.1918,  ..., -0.8106,  0.3896,  2.6807],
         [-1.2897, -0.1192, -0.1918,  ..., -0.8106,  0.3896,  2.6807],
         ...,
         [ 1.2309,  0.4442,  0.1321,  ..., -0.0485, -1.0015,  0.6700],
         [-0.1487, -1.0372,  0.1275,  ..., -0.0858, -1.6012, -1.6394],
         [-0.2106, -0.7421,  0.0570,  ..., -0.7498, -0.5645,  0.6427]],

        [[-0.0457, -0.0453,  1.3796,  ...,  1.4958, -0.9278,  0.0506],
         [-1.4602,  0.2227,  1.2395,  ...,  0.0247, -0.1684, -0.0976],
         [ 0.4516,  1.2409,  0.3356,  ..., -0.7932, -0.5097,  0.7008],
         ...,
         [-0.5444, -1.2348,  0.2279,  ..., -0.0379, -0.1100, -0.9822],
         [-0.6218, -0.4210, -0.2797,  ..., -0.7692, -0.8941, -0.8071],
         [-0.2766, -1.4331, -0.0001,  ..., -0.7613, -0.9550, -0.2984]],

        ...,

        [[-1.2897, -0.1192, -0.1918,  ..., -0.8106,  0.3896,  2.6807],
         [-1.2897, -0.1192, -0.1918,  ..., -0.8106,  0.3896,  2.6807],
         [-1.2897, -0.1192, -0.1918,  ..., -0.8106,  0.3896,  2.6807],
         ...,
         [-0.1041,  0.2265,  0.6323,  ..., -1.4520, -0.9377,  1.0848],
         [-0.2642, -0.5704, -0.3569,  ...,  1.1081, -0.2107,  1.1875],
         [-0.7234,  0.4255,  0.2124,  ...,  1.1834,  1.0833,  0.1965]],

        [[-1.6529,  0.8651,  0.0815,  ...,  0.6879,  0.1406, -0.3184],
         [ 2.2010,  0.3289,  0.6909,  ...,  0.9138,  0.6785,  0.0935],
         [ 1.2918, -0.4594,  0.3129,  ...,  1.6297, -0.6183,  0.9968],
         ...,
         [ 0.6920, -0.1208, -1.5291,  ..., -1.2369, -1.4456, -0.3919],
         [-0.2710, -0.7244,  0.1210,  ..., -0.4661,  0.8532, -0.7385],
         [-0.4552, -0.6716,  0.6428,  ..., -1.4546, -1.1087, -1.6841]],

        [[-1.2897, -0.1192, -0.1918,  ..., -0.8106,  0.3896,  2.6807],
         [-1.2897, -0.1192, -0.1918,  ..., -0.8106,  0.3896,  2.6807],
         [-1.2897, -0.1192, -0.1918,  ..., -0.8106,  0.3896,  2.6807],
         ...,
         [-0.7458, -0.8016, -1.6647,  ..., -2.3801, -1.1894,  0.1263],
         [ 0.8028,  0.7187,  1.2453,  ...,  0.5110,  1.0346, -0.5771],
         [-0.1887,  0.2866, -0.1995,  ..., -0.1830,  0.9400, -0.7529]]],
       grad_fn=<EmbeddingBackward>)
gird
Target shape: torch.Size([128, 1000])
embeddings: tensor([[[-1.2897, -0.1192, -0.1918,  ..., -0.8106,  0.3896,  2.6807],
         [-1.2897, -0.1192, -0.1918,  ..., -0.8106,  0.3896,  2.6807],
         [-1.2897, -0.1192, -0.1918,  ..., -0.8106,  0.3896,  2.6807],
         ...,
         [ 0.7077, -0.3324, -2.3632,  ..., -0.4679, -1.4843,  0.0580],
         [ 0.3739, -0.4110, -0.5007,  ...,  1.0952,  0.5220,  1.9856],
         [ 1.2426, -0.0028,  0.2837,  ...,  0.3747,  1.6417, -3.8220]],

        [[-1.2897, -0.1192, -0.1918,  ..., -0.8106,  0.3896,  2.6807],
         [-1.2897, -0.1192, -0.1918,  ..., -0.8106,  0.3896,  2.6807],
         [-1.2897, -0.1192, -0.1918,  ..., -0.8106,  0.3896,  2.6807],
         ...,
         [ 0.3675, -1.0222,  0.2724,  ...,  0.6082,  0.7000,  1.2730],
         [-0.4871,  1.3174,  2.1909,  ...,  0.6163,  0.2271, -3.3048],
         [-0.3015, -0.4754,  0.8464,  ...,  0.0632, -2.1686,  0.1937]],

        [[-0.3892, -2.1199, -0.6050,  ..., -0.3690, -0.6319,  1.0977],
         [ 0.9120,  0.8423, -0.0323,  ...,  0.1996, -2.2974, -0.5162],
         [-0.5495, -0.5193,  0.6738,  ..., -1.1440, -1.3560, -0.2674],
         ...,
         [-0.0772,  1.1819, -0.1756,  ...,  0.7000, -0.3350, -0.7619],
         [ 1.5706,  0.4539, -1.0444,  ..., -0.7935,  0.8037, -1.8667],
         [-2.4381, -0.6624,  1.2325,  ...,  0.1560, -1.0417,  0.2818]],

        ...,

        [[-1.2897, -0.1192, -0.1918,  ..., -0.8106,  0.3896,  2.6807],
         [-1.2897, -0.1192, -0.1918,  ..., -0.8106,  0.3896,  2.6807],
         [-1.2897, -0.1192, -0.1918,  ..., -0.8106,  0.3896,  2.6807],
         ...,
         [-0.5292,  0.2198, -0.4714,  ..., -0.1324,  0.6567,  0.1617],
         [ 1.1846, -0.3846,  0.3387,  ...,  0.7230, -0.3378,  0.0728],
         [ 0.1446,  1.4960, -0.1271,  ...,  1.0728,  0.5599,  0.7893]],

        [[-1.2897, -0.1192, -0.1918,  ..., -0.8106,  0.3896,  2.6807],
         [-1.2897, -0.1192, -0.1918,  ..., -0.8106,  0.3896,  2.6807],
         [-1.2897, -0.1192, -0.1918,  ..., -0.8106,  0.3896,  2.6807],
         ...,
         [-0.7229, -0.6401, -0.7732,  ...,  0.6516, -0.3976, -0.0443],
         [-2.2815, -0.4470, -1.3455,  ..., -0.2576,  0.2526, -0.4412],
         [-0.2775,  0.1393, -2.6073,  ..., -0.9899, -0.0493,  0.7090]],

        [[-0.2296,  0.7579,  0.6462,  ..., -0.8928, -0.7523, -1.1686],
         [-0.6750,  1.1435,  1.1388,  ..., -1.1133, -1.1275,  1.6847],
         [ 0.0505, -0.7973,  1.3711,  ...,  0.2347,  1.4228,  0.4600],
         ...,
         [ 2.1585, -1.2670,  0.3487,  ...,  0.5276,  0.9047,  1.0217],
         [-0.5235,  1.2412, -0.3271,  ...,  0.8546, -0.8534, -0.7898],
         [-0.8676, -0.3486, -0.0730,  ..., -1.6443, -1.2916,  1.7942]]],
       grad_fn=<EmbeddingBackward>)

======================================================================
View the web UI at http://localhost:8890/notebooks/ray_ui.ipynb?token=3d8f21f44d5c264d71495bd9d64fd859eb010689c59dcd2b
======================================================================

